PHASH (./2008a-deprecation-test.png) = 0.730194,11,3.83481,11,5.18396,11,5.34829,11,10.9969,11,7.32025,11,10.6554,11,0.730194,11,3.83481,11,5.18396,11,5.34829,11,10.9969,11,7.32025,11,10.6554,11,0.730194,0.730194,3.83481,3.83481,5.18396,5.18396,5.34829,5.34829,10.9969,10.9969,7.32025,7.32025,10.6554,10.6554,
PHASH (./2008a-deprecation-test-200.png) = 0.734993,11,3.8297,11,5.26115,11,5.40729,11,11,11,7.38075,11,10.7761,11,0.734993,11,3.8297,11,5.26115,11,5.40729,11,11,11,7.38075,11,10.7761,11,0.734993,0.734993,3.8297,3.8297,5.26115,5.26115,5.40729,5.40729,11,11,7.38075,7.38075,10.7761,10.7761,
PHASH (./Hs_Apoptosis.png) = 0.71833,-1.20241,2.15728,-1.80299,5.90024,-3.26686,6.23316,-1.99884,11,-4.59192,7.3195,-2.74836,11,-4.24351,0.714665,-1.10276,2.14945,-1.61982,5.88178,-2.71585,6.22277,-2.40632,11,-4.73274,7.29848,-3.20583,11,-4.87738,0.715108,0.715813,2.15027,2.15189,5.9038,5.89008,6.26511,6.23216,11,11,7.34128,7.30812,11,11,
PHASH (./Hs_Cell_cycle_KEGG.png) = 0.749293,-0.782687,3.03908,-0.716819,5.84418,-2.19599,6.74714,-1.41973,11,-3.11255,10.4498,-0.796873,11,-3.03466,0.749293,-1.3202,3.03908,-1.79615,5.84418,-3.8012,6.74714,-3.02856,11,-6.36682,10.4498,-1.55369,11,-6.18007,0.74967,0.749336,3.03981,3.03916,5.89065,5.84949,6.77689,6.75128,11,11,8.87201,9.89052,11,11,
PHASH (./Hs_DNA_replication_Reactome.png) = 0.715296,11,2.08553,11,6.36931,11,6.844,11,11,11,7.97173,11,11,11,0.715155,-1.566,2.08619,-2.99513,6.29209,-1.30359,6.67207,-0.910736,11,-1.70515,7.77825,-1.90623,11,-1.9592,0.715155,0.715197,2.08619,2.08599,6.29209,6.31476,6.67207,6.7201,11,11,7.77825,7.83147,11,11,
PHASH (./Hs_G13_Signaling_Pathway.png) = 0.748213,11,2.70772,11,5.79183,11,6.99969,11,11,11,8.64119,11,11,11,0.748213,11,2.70772,11,5.79183,11,6.99969,11,11,11,8.64119,11,11,11,0.748213,0.748213,2.70772,2.70772,5.79183,5.79183,6.99969,6.99969,11,11,8.64119,8.64119,11,11,
PHASH (./Hs_G13_Signaling_Pathway-200.png) = 0.74879,11,2.70837,11,5.83528,11,7.02588,11,11,11,8.62116,11,11,11,0.74879,11,2.70837,11,5.83528,11,7.02588,11,11,11,8.62116,11,11,11,0.74879,0.74879,2.70837,2.70837,5.83528,5.83528,7.02588,7.02588,11,11,8.62116,8.62116,11,11,
PHASH (./Label_test.png) = 0.759211,11,3.4207,11,6.19606,11,6.9045,11,11,11,9.09496,11,11,11,0.759211,11,3.4207,11,6.19606,11,6.9045,11,11,11,9.09496,11,11,11,0.759211,0.759211,3.4207,3.4207,6.19606,6.19606,6.9045,6.9045,11,11,9.09496,9.09496,11,11,
PHASH (./Label_test-200.png) = 0.76028,11,3.42708,11,6.25367,11,6.97139,11,11,11,9.25073,11,11,11,0.76028,11,3.42708,11,6.25367,11,6.97139,11,11,11,9.25073,11,11,11,0.76028,0.76028,3.42708,3.42708,6.25367,6.25367,6.97139,6.97139,11,11,9.25073,9.25073,11,11,
PHASH (./Shape_test.png) = 0.734591,11,2.30521,11,6.35194,11,7.36258,11,11,11,8.65329,11,11,11,0.734591,11,2.30521,11,6.35194,11,7.36258,11,11,11,8.65329,11,11,11,0.734591,0.734591,2.30521,2.30521,6.35194,6.35194,7.36258,7.36258,11,11,8.65329,8.65329,11,11,
PHASH (./Shape_test-200.png) = 0.734587,11,2.3053,11,6.38966,11,7.35369,11,11,11,8.62794,11,11,11,0.734587,11,2.3053,11,6.38966,11,7.35369,11,11,11,8.62794,11,11,11,0.734587,0.734587,2.3053,2.3053,6.38966,6.38966,7.35369,7.35369,11,11,8.62794,8.62794,11,11,
PHASH (./WP248_2008a.png) = 0.716287,-0.803791,2.15614,-1.25974,5.81192,-1.9282,6.06096,-1.60181,11,-3.36593,7.14476,-2.22897,11,-2.17368,0.712471,-1.09089,2.14791,-1.65648,5.80975,-1.96246,6.06272,-1.66981,11,-2.18845,7.1376,-2.23546,11,-3.48539,0.712092,0.71357,2.14835,2.15042,5.78936,5.80836,6.05383,6.06235,11,11,7.12853,7.13757,11,11,
PHASH (./biopax-literaturexref-testcase.png) = 0.298935,11,0.648673,11,5.27202,11,5.30977,11,10.6007,11,5.63861,11,11,11,0.298935,11,0.648673,11,5.27202,11,5.30977,11,10.6007,11,5.63861,11,11,11,0.298935,0.298935,0.648673,0.648673,5.27202,5.27202,5.30977,5.30977,10.6007,10.6007,5.63861,5.63861,11,11,
PHASH (./biopax-literaturexref-testcase-200.png) = 0.298862,11,0.648491,11,5.36297,11,5.40435,11,10.788,11,5.73357,11,11,11,0.298862,11,0.648491,11,5.36297,11,5.40435,11,10.788,11,5.73357,11,11,11,0.298862,0.298862,0.648491,0.648491,5.36297,5.36297,5.40435,5.40435,10.788,10.788,5.73357,5.73357,11,11,
PHASH (./biopax-opencontrolledvocabulary-testcase.png) = 0.298935,11,0.648673,11,5.27202,11,5.30977,11,10.6007,11,5.63861,11,11,11,0.298935,11,0.648673,11,5.27202,11,5.30977,11,10.6007,11,5.63861,11,11,11,0.298935,0.298935,0.648673,0.648673,5.27202,5.27202,5.30977,5.30977,10.6007,10.6007,5.63861,5.63861,11,11,
PHASH (./biopax-opencontrolledvocabulary-testcase-200.png) = 0.298862,11,0.648491,11,5.36297,11,5.40435,11,10.788,11,5.73357,11,11,11,0.298862,11,0.648491,11,5.36297,11,5.40435,11,10.788,11,5.73357,11,11,11,0.298862,0.298862,0.648491,0.648491,5.36297,5.36297,5.40435,5.40435,10.788,10.788,5.73357,5.73357,11,11,
PHASH (./deprecated-shapes.png) = 0.566114,11,1.36991,11,5.90426,11,5.57396,11,11,11,6.32595,11,11,11,0.566114,11,1.36991,11,5.90426,11,5.57396,11,11,11,6.32595,11,11,11,0.566114,0.566114,1.36991,1.36991,5.90426,5.90426,5.57396,5.57396,11,11,6.32595,6.32595,11,11,
PHASH (./deprecated-shapes-200.png) = 0.566198,11,1.37008,11,5.91167,11,5.53392,11,11,11,6.27558,11,11,11,0.566198,11,1.37008,11,5.91167,11,5.53392,11,11,11,6.27558,11,11,11,0.566198,0.566198,1.37008,1.37008,5.91167,5.91167,5.53392,5.53392,11,11,6.27558,6.27558,11,11,
PHASH (./fillcolor_test.png) = 0.716384,11,2.05363,11,6.27425,11,7.47954,11,11,11,8.60095,11,11,11,0.709506,-0.213832,2.03242,-0.382842,5.95501,-0.271108,6.03929,-0.246458,11,-0.50524,8.36071,-0.43708,11,2.08885,0.709506,0.711566,2.03242,2.0388,5.95501,6.12994,6.03929,6.29185,11,11,8.36071,8.25119,11,11,
PHASH (./fillcolor_test-200.png) = 0.716511,11,2.05405,11,6.32591,11,7.49005,11,11,11,8.65443,11,11,11,0.709671,-0.219048,2.03297,-0.395385,5.97843,-0.24227,6.03634,-0.219709,11,-0.450697,8.90469,-0.416523,11,2.19272,0.709671,0.711719,2.03297,2.03931,5.97843,6.16548,6.03634,6.28878,11,11,8.90469,8.44667,11,11,
PHASH (./mim-test.png) = 0.760823,-0.437682,2.85377,-0.431129,6.61326,-0.620196,7.42434,0.519202,11,0.853394,8.85325,0.623372,11,0.509184,0.759169,-0.327525,2.85252,-0.0344553,6.33808,-0.290435,9.37072,-0.980958,11,-1.52194,10.8832,-0.994724,11,-1.39084,0.746622,0.758224,2.88277,2.85611,6.17003,6.45301,5.27659,7.03116,11,11,6.81571,8.52572,11,11,
PHASH (./mim-test-200.png) = 0.761079,-0.591553,2.85495,-0.790452,6.68287,-0.780735,7.39202,0.567368,11,0.492713,8.82257,0.49923,11,0.892114,0.759415,-0.326124,2.8537,-0.0326939,6.38664,-0.306458,9.50834,-0.982061,11,-1.53664,10.9359,-0.995138,11,-1.391,0.746716,0.758455,2.88383,2.85727,6.18144,6.50765,5.2708,7.01331,10.9978,11,6.81056,8.50297,11,11,
PHASH (./mpoint-test.png) = 0.764234,11,5.69458,11,6.202,11,6.93364,11,11,11,10.0678,11,11,11,0.764234,11,5.69458,11,6.202,11,6.93364,11,11,11,10.0678,11,11,11,0.764234,0.764234,5.69458,5.69458,6.202,6.202,6.93364,6.93364,11,11,10.0678,10.0678,11,11,
PHASH (./mpoint-test-200.png) = 0.764418,11,5.7553,11,6.25887,11,6.92354,11,11,11,10.0809,11,11,11,0.764418,11,5.7553,11,6.25887,11,6.92354,11,11,11,10.0809,11,11,11,0.764418,0.764418,5.7553,5.7553,6.25887,6.25887,6.92354,6.92354,11,11,10.0809,10.0809,11,11,
PHASH (./nographics-test.png) = 0.676587,11,1.79686,11,5.21916,11,5.54156,11,10.9506,11,6.44413,11,11,11,0.676587,11,1.79686,11,5.21916,11,5.54156,11,10.9506,11,6.44413,11,11,11,0.676587,0.676587,1.79686,1.79686,5.21916,5.21916,5.54156,5.54156,10.9506,10.9506,6.44413,6.44413,11,11,
PHASH (./nographics-test-200.png) = 0.676942,11,1.79683,11,5.24441,11,5.6172,11,11,11,6.52139,11,11,11,0.676942,11,1.79683,11,5.24441,11,5.6172,11,11,11,6.52139,11,11,11,0.676942,0.676942,1.79683,1.79683,5.24441,5.24441,5.6172,5.6172,11,11,6.52139,6.52139,11,11,
PHASH (./parsetest1.png) = 0.732966,11,3.26996,11,5.09478,11,4.81655,11,9.99607,11,6.65935,11,9.868,11,0.732966,11,3.26996,11,5.09478,11,4.81655,11,9.99607,11,6.65935,11,9.868,11,0.732966,0.732966,3.26996,3.26996,5.09478,5.09478,4.81655,4.81655,9.99607,9.99607,6.65935,6.65935,9.868,9.868,
PHASH (./parsetest1-200.png) = 0.737442,11,3.2599,11,5.09312,11,4.8801,11,10.1346,11,6.67887,11,9.94147,11,0.737442,11,3.2599,11,5.09312,11,4.8801,11,10.1346,11,6.67887,11,9.94147,11,0.737442,0.737442,3.2599,3.2599,5.09312,5.09312,4.8801,4.8801,10.1346,10.1346,6.67887,6.67887,9.94147,9.94147,
PHASH (./parsetest2.png) = 0.670023,11,2.59724,11,6.53778,11,5.41365,11,11,11,6.84757,11,11,11,0.670023,11,2.59724,11,6.53778,11,5.41365,11,11,11,6.84757,11,11,11,0.670023,0.670023,2.59724,2.59724,6.53778,6.53778,5.41365,5.41365,11,11,6.84757,6.84757,11,11,
PHASH (./parsetest2-200.png) = 0.671792,11,2.67957,11,6.38643,11,5.39408,11,11,11,6.95678,11,11,11,0.671792,11,2.67957,11,6.38643,11,5.39408,11,11,11,6.95678,11,11,11,0.671792,0.671792,2.67957,2.67957,6.38643,6.38643,5.39408,5.39408,11,11,6.95678,6.95678,11,11,
PHASH (./parsetest3.png) = 0.604832,11,1.4818,11,5.3287,11,5.66638,11,11,11,6.41545,11,11,11,0.604832,11,1.4818,11,5.3287,11,5.66638,11,11,11,6.41545,11,11,11,0.604832,0.604832,1.4818,1.4818,5.3287,5.3287,5.66638,5.66638,11,11,6.41545,6.41545,11,11,
PHASH (./parsetest3-200.png) = 0.605365,11,1.48264,11,5.41487,11,5.79821,11,11,11,6.55009,11,11,11,0.605365,11,1.48264,11,5.41487,11,5.79821,11,11,11,6.55009,11,11,11,0.605365,0.605365,1.48264,1.48264,5.41487,5.41487,5.79821,5.79821,11,11,6.55009,6.55009,11,11,
PHASH (./parsetest4.png) = 0.710697,11,2.03669,11,6.30651,11,6.35831,11,11,11,7.37839,11,11,11,0.710429,-0.736271,2.03612,-1.46726,6.29511,11,6.34373,11,11,11,7.36256,11,11,11,0.710429,0.710509,2.03612,2.03629,6.29511,6.29852,6.34373,6.34808,11,11,7.36256,7.36725,11,11,
PHASH (./parsetest4-200.png) = 0.710704,11,2.03647,11,6.32055,11,6.32916,11,11,11,7.34916,11,11,11,0.710505,-0.858314,2.03604,-1.71502,6.31219,5.04718,6.3185,5.04701,11,10.0944,7.33754,4.18964,11,11,0.710505,0.710564,2.03604,2.03617,6.31219,6.31469,6.3185,6.32168,11,11,7.33754,7.34099,11,11,
PHASH (./parsetest5.png) = 0.690175,0.456307,2.17486,1.21309,4.97026,6.96313,4.52788,9.39149,11,11,5.81366,10.0279,9.27699,11,0.690175,0.569116,2.17486,1.36976,4.97026,6.43583,4.52788,6.89281,11,11,5.81366,8.02946,9.27699,11,0.726632,0.694364,2.2456,2.18343,5.68786,5.15301,6.00589,4.67377,11,10.8406,7.13469,5.96902,11,9.58784,
PHASH (./parsetest5-200.png) = 0.691754,0.439574,2.17769,1.14766,4.94429,7.61322,4.51818,9.58541,10.5209,11,5.80377,11,9.25004,11,0.691754,0.571633,2.17769,1.37357,4.94429,7.19505,4.51818,7.34473,10.5209,11,5.80377,9.65133,9.25004,11,0.728157,0.695936,2.24868,2.18629,5.77052,5.1227,6.08481,4.66168,11,11,7.21352,5.95601,11,9.55387,
PHASH (./parsetest6.png) = 0.759382,11,3.42369,11,6.39593,11,6.93049,11,11,11,9.81998,11,11,11,0.759382,11,3.42369,11,6.39593,11,6.93049,11,11,11,9.81998,11,11,11,0.759382,0.759382,3.42369,3.42369,6.39593,6.39593,6.93049,6.93049,11,11,9.81998,9.81998,11,11,
PHASH (./parsetest6-200.png) = 0.760451,11,3.43004,11,6.452,11,6.99216,11,11,11,11,11,11,11,0.760451,11,3.43004,11,6.452,11,6.99216,11,11,11,11,11,11,11,0.760451,0.760451,3.43004,3.43004,6.452,6.452,6.99216,6.99216,11,11,11,11,11,11,
PHASH (./parsetest7.png) = 0.654809,-0.224929,1.70129,-0.232403,6.03253,-0.358991,6.57598,-0.673062,11,-1.18463,7.43605,-0.762645,11,-0.343009,0.654809,-0.613786,1.70129,-0.981535,6.03253,-2.11673,6.57598,-2.30258,11,-4.50991,7.43605,-2.73627,11,-3.52616,0.657506,0.655116,1.70609,1.70183,5.52574,5.95671,5.74426,6.42896,11,11,6.59736,7.28484,11,11,
PHASH (./parsetest7-200.png) = 0.655828,-0.340964,1.70339,-0.463591,6.07589,-0.958915,6.65675,-1.23596,11,-2.32949,7.51974,-1.44207,11,-1.45913,0.655828,-0.652915,1.70339,-1.0601,6.07589,-2.2261,6.65675,-2.42167,11,-4.74298,7.51974,-2.89222,11,-3.78131,0.658248,0.656104,1.70767,1.70388,5.60013,6.0058,5.83853,6.51344,11,11,6.69239,7.37149,11,11,
PHASH (./parsetest8.png) = 0.735886,-0.13517,2.39155,0.117802,5.81376,0.574125,6.19961,1.63528,11,3.11763,7.39546,1.79279,11,2.78194,0.735886,-0.879675,2.39155,-1.40047,5.81376,-1.08332,6.19961,-0.551543,11,-1.32935,7.39546,-0.0436751,11,-0.980064,0.734958,0.735779,2.38897,2.39126,5.71883,5.80259,6.05202,6.18172,11,11,7.25238,7.37766,11,11,
PHASH (./parsetest8-200.png) = 0.737064,-0.134889,2.39275,0.115786,5.87032,0.843119,6.25641,1.58039,11,2.95193,7.45293,2.4531,11,2.93376,0.737064,-0.874333,2.39275,-1.3931,5.87032,-0.938843,6.25641,-0.41585,11,-1.06226,7.45293,-0.0598958,11,-0.654766,0.736133,0.736958,2.39017,2.39245,5.77012,5.85849,6.1002,6.23741,11,11,7.30214,7.43409,11,11,
PHASH (./position_test.png) = 0.687737,11,1.87901,11,6.20268,11,7.34701,11,11,11,8.58848,11,11,11,0.687737,11,1.87901,11,6.20268,11,7.34701,11,11,11,8.58848,11,11,11,0.687737,0.687737,1.87901,1.87901,6.20268,6.20268,7.34701,7.34701,11,11,8.58848,8.58848,11,11,
PHASH (./position_test-200.png) = 0.687828,11,1.87921,11,6.25388,11,7.4395,11,11,11,8.75724,11,11,11,0.687828,11,1.87921,11,6.25388,11,7.4395,11,11,11,8.75724,11,11,11,0.687828,0.687828,1.87921,1.87921,6.25388,6.25388,7.4395,7.4395,11,11,8.75724,8.75724,11,11,
PHASH (./shapes.png) = 0.746637,11,2.62197,11,7.21386,11,7.85704,11,11,11,9.22763,11,11,11,0.746637,11,2.62197,11,7.21386,11,7.85704,11,11,11,9.22763,11,11,11,0.746637,0.746637,2.62197,2.62197,7.21386,7.21386,7.85704,7.85704,11,11,9.22763,9.22763,11,11,
PHASH (./shapes-200.png) = 0.746916,11,2.62319,11,7.21676,11,7.95225,11,11,11,9.3995,11,11,11,0.746916,11,2.62319,11,7.21676,11,7.95225,11,11,11,9.3995,11,11,11,0.746916,0.746916,2.62319,2.62319,7.21676,7.21676,7.95225,7.95225,11,11,9.3995,9.3995,11,11,
PHASH (./test.png) = 0.718473,-1.20241,2.15755,-1.80299,5.89623,-3.26686,6.21856,-1.99884,11,-4.59192,7.30404,-2.74836,11,-4.24351,0.714809,-1.10276,2.14972,-1.61982,5.87756,-2.71585,6.20754,-2.40632,11,-4.73274,7.28364,-3.20583,11,-4.87738,0.715251,0.715957,2.15054,2.15216,5.89954,5.88591,6.24913,6.21698,11,11,7.3257,7.29306,11,11,
PHASH (./test2.png) = 0.716453,-0.804178,2.15645,-1.26049,5.80937,-1.92971,6.05139,-1.60368,11,-3.36949,7.13472,-2.2312,11,-2.17516,0.712608,-1.08768,2.14816,-1.64982,5.80605,-1.95517,6.05014,-1.65497,11,-2.22746,7.12534,-2.21913,11,-3.45929,0.712199,0.713713,2.14855,2.15069,5.78525,5.80496,6.03965,6.05047,11,11,7.11461,7.12582,11,11,
